0.0002   -0.0021    0.0056         0
         0         0         0         0
         0         0         0         0
    0.0002         0   -0.0028         0
         0         0         0         0
         0         0         0         0
   -0.0009    0.0021    0.0056         0
         0         0         0         0
         0         0         0         0
    0.0033   -0.0083   -0.0194         0
         0         0         0         0
         0         0         0         0
    0.0033    0.0312    0.0722         0
         0         0         0         0
         0         0         0         0