0.0024   -0.0292    0.3278         0
    0.0010    0.0042   -0.2819         0
    0.0014   -0.0165    0.0441         0
    0.0024         0    0.2111    1.0000
    0.0010    0.0156   -0.2028   -1.0000
    0.0014         0   -0.0220         0
   -0.0122    0.0292    0.3278    2.0000
    0.0030    0.0271   -0.0319   -1.5000
   -0.0017    0.0165    0.0441         0
    0.0149   -0.1167   -0.0222    3.0000
   -0.0053    0.0635    0.3306   -1.0000
    0.0004   -0.0042    0.0933    0.3300
    0.0149    0.0625   -0.2389    2.0000
   -0.0053   -0.0000    0.5847    1.0000
    0.0004    0.0003    0.0777    0.6600